default_values <- list(
    N = 10000
   ,fixed_cost   = 196
   ,item_price   = c(162, 68, 64, 542, 0.75)
   ,input_weight = c(1.5, 0.6, 0.2)

   ,vols         = c(0.30, 0.22, 0.21, 0.20, 0.11)

   ,corrs        = c(0.50, 0.80, 0.70, -0.60
                         , 0.50, 0.60, -0.50
                               , 0.70, -0.40
                                     , -0.50)
)
